100019	-0.058140	-0.059620	-0.063690	-0.067575	-0.070905	-0.073310	-0.076825	-0.050000	-0.082930	
100029	-0.058140	-0.059620	-0.063690	-0.067575	-0.070905	-0.050740	-0.076825	-0.079785	-0.082930	
100039	-0.058140	-0.059805	-0.064430	-0.067575	-0.070905	-0.050740	-0.077380	-0.080340	-0.083670	
100049	-0.056845	-0.059805	-0.064430	-0.067575	-0.070905	-0.050740	-0.076825	-0.080340	-0.083670	
100059	-0.056845	-0.059805	-0.064430	-0.067945	-0.070905	-0.074420	-0.076825	-0.080340	-0.083670	
100069	-0.056845	-0.059805	-0.064430	-0.067945	-0.070905	-0.051110	-0.076825	-0.080525	-0.083670	
100079	-0.056845	-0.059990	-0.064430	-0.067945	-0.070905	-0.074420	-0.076825	-0.080340	-0.082745	
100089	-0.058880	-0.059990	-0.064430	-0.067390	-0.070905	-0.074420	-0.076825	-0.080340	-0.083300	
100099	-0.058880	-0.059990	-0.064430	-0.067945	-0.071275	-0.074420	-0.076825	-0.080340	-0.082745	
100109	-0.056105	-0.059805	-0.064430	-0.067945	-0.071275	-0.074420	-0.077380	-0.080340	-0.083300	
100119	-0.056105	-0.059990	-0.064430	-0.067945	-0.071275	-0.074420	-0.076825	-0.080340	-0.082745	
100129	-0.056105	-0.059990	-0.064430	-0.067945	-0.071275	-0.074420	-0.076825	-0.080340	-0.082745	
100139	-0.056105	-0.059805	-0.064430	-0.067945	-0.071275	-0.074420	-0.076825	-0.080340	-0.051110	
100149	-0.056105	-0.059805	-0.064430	-0.067760	-0.071275	-0.074420	-0.077380	-0.080340	-0.083670	
100159	-0.056105	-0.059805	-0.064985	-0.067760	-0.070905	-0.074420	-0.076825	-0.080525	-0.083670	
100169	-0.056105	-0.059805	-0.064430	-0.067760	-0.070905	-0.074235	-0.077380	-0.080525	-0.083670	
100179	-0.056105	-0.059805	-0.064430	-0.067760	-0.070905	-0.074235	-0.077380	-0.080525	-0.083670	
100189	-0.056105	-0.059805	-0.064430	-0.067760	-0.070905	-0.074235	-0.077380	-0.080525	-0.083670	
100199	-0.057770	-0.059805	-0.064985	-0.067760	-0.070905	-0.074235	-0.077380	-0.080525	-0.083670	
100209	-0.056105	-0.059805	-0.064985	-0.067760	-0.071275	-0.074235	-0.077380	-0.080525	-0.083670	
100219	-0.057400	-0.059805	-0.064985	-0.067760	-0.071090	-0.074420	-0.077380	-0.080525	-0.083670	
100229	-0.057400	-0.059805	-0.064985	-0.067760	-0.071090	-0.074420	-0.077380	-0.080525	-0.083670	
100239	-0.057400	-0.059805	-0.064985	-0.067760	-0.071275	-0.074420	-0.077380	-0.080525	-0.083670	
100249	-0.057400	-0.059805	-0.064985	-0.067760	-0.070905	-0.074420	-0.077380	-0.080525	-0.083670	
100259	-0.057400	-0.059805	-0.064985	-0.067760	-0.070905	-0.074420	-0.077380	-0.080525	-0.083670	
100269	-0.057400	-0.059805	-0.064985	-0.067760	-0.070905	-0.074420	-0.077380	-0.080525	-0.083670	
100279	-0.057585	-0.059805	-0.064985	-0.067760	-0.071275	-0.074420	-0.077380	-0.080525	-0.083670	
100289	-0.057585	-0.059805	-0.064985	-0.067760	-0.070905	-0.074420	-0.077380	-0.080525	-0.083670	
100299	-0.057585	-0.059805	-0.064985	-0.067760	-0.070905	-0.074420	-0.077380	-0.080525	-0.083670	
100309	-0.057400	-0.059805	-0.064985	-0.067760	-0.070905	-0.074420	-0.077380	-0.080525	-0.083670	
100319	-0.057400	-0.059805	-0.064985	-0.067760	-0.070905	-0.074420	-0.077380	-0.080525	-0.083670	
100329	-0.057400	-0.059805	-0.064985	-0.067760	-0.071275	-0.074420	-0.077380	-0.080525	-0.083670	
100339	-0.057400	-0.059805	-0.064985	-0.067760	-0.070905	-0.074420	-0.077380	-0.080525	-0.083670	
100349	-0.057400	-0.059805	-0.064985	-0.067760	-0.070905	-0.074420	-0.077380	-0.080340	-0.083670	
100359	-0.057400	-0.059805	-0.064985	-0.067760	-0.070905	-0.074420	-0.077380	-0.080340	-0.083670	
100369	-0.057400	-0.059805	-0.064985	-0.067760	-0.070905	-0.074420	-0.077380	-0.080340	-0.083670	
100379	-0.057400	-0.059805	-0.064985	-0.067760	-0.070905	-0.074420	-0.077380	-0.080340	-0.083670	
100389	-0.057400	-0.059805	-0.064985	-0.067760	-0.070905	-0.074420	-0.077380	-0.080340	-0.083670	
100399	-0.057400	-0.059805	-0.064615	-0.067760	-0.070905	-0.074420	-0.077380	-0.080340	-0.083670	
100409	-0.057400	-0.059805	-0.064615	-0.067760	-0.070905	-0.074420	-0.077380	-0.080525	-0.083670	
100419	-0.057400	-0.059805	-0.064615	-0.067760	-0.070905	-0.074420	-0.077380	-0.080525	-0.083670	
100429	-0.057400	-0.059805	-0.064615	-0.067760	-0.071275	-0.074420	-0.077380	-0.080525	-0.083670	
100439	-0.057400	-0.059805	-0.064615	-0.067760	-0.071275	-0.074420	-0.077380	-0.080340	-0.083670	
100449	-0.057400	-0.059805	-0.064615	-0.067760	-0.071275	-0.074420	-0.077380	-0.080525	-0.083670	
100459	-0.057400	-0.059805	-0.064985	-0.067760	-0.071275	-0.074420	-0.077380	-0.080525	-0.083670	
100469	-0.057400	-0.059805	-0.064615	-0.067760	-0.071275	-0.074420	-0.077380	-0.080525	-0.083670	
100479	-0.057400	-0.059805	-0.064985	-0.067760	-0.071275	-0.074420	-0.077380	-0.080340	-0.083670	
100489	-0.057400	-0.059805	-0.064985	-0.067760	-0.071275	-0.074420	-0.077380	-0.080340	-0.083670	
100499	-0.057400	-0.059805	-0.064615	-0.067760	-0.071275	-0.074420	-0.077380	-0.080525	-0.083670	
100509	-0.057400	-0.059805	-0.064985	-0.067760	-0.071275	-0.074420	-0.077380	-0.080525	-0.083670	
100519	-0.057400	-0.059805	-0.064985	-0.067760	-0.071275	-0.074420	-0.077380	-0.080340	-0.083670	
100529	-0.057400	-0.059805	-0.064985	-0.067945	-0.071275	-0.074420	-0.077380	-0.080525	-0.083670	
100539	-0.057400	-0.059805	-0.064985	-0.067945	-0.071275	-0.074420	-0.077380	-0.080340	-0.083670	
100549	-0.057400	-0.059805	-0.064985	-0.067945	-0.071275	-0.074420	-0.077380	-0.080340	-0.083670	
100559	-0.057400	-0.059805	-0.064985	-0.067945	-0.071275	-0.074420	-0.077380	-0.080525	-0.083670	
100569	-0.057400	-0.059805	-0.064985	-0.067945	-0.071275	-0.074420	-0.077380	-0.080525	-0.083670	
100579	-0.057400	-0.059805	-0.064985	-0.067945	-0.071275	-0.074420	-0.077380	-0.080340	-0.083670	
100589	-0.057400	-0.059805	-0.064985	-0.067945	-0.071275	-0.074420	-0.077380	-0.080525	-0.083670	
100599	-0.057400	-0.059805	-0.064985	-0.067945	-0.071275	-0.074420	-0.077380	-0.080525	-0.083670	
100609	-0.057400	-0.059805	-0.064985	-0.067945	-0.071275	-0.074420	-0.077380	-0.080525	-0.083670	
100619	-0.057400	-0.059805	-0.064985	-0.067945	-0.071275	-0.074420	-0.077380	-0.080525	-0.083670	
100629	-0.057400	-0.059805	-0.064985	-0.067945	-0.071275	-0.074420	-0.077380	-0.080525	-0.083670	
100639	-0.057400	-0.059805	-0.064985	-0.067945	-0.071275	-0.074420	-0.077380	-0.080525	-0.083670	
100649	-0.057400	-0.059805	-0.064985	-0.067945	-0.071275	-0.074420	-0.077380	-0.080525	-0.083670	
100659	-0.057400	-0.059805	-0.064985	-0.067945	-0.071275	-0.074420	-0.077380	-0.080525	-0.083670	
100669	-0.057400	-0.059805	-0.064985	-0.067945	-0.071275	-0.074420	-0.077380	-0.080525	-0.083670	
100679	-0.057400	-0.059805	-0.064985	-0.067945	-0.071275	-0.074420	-0.077380	-0.080525	-0.083670	
100689	-0.057400	-0.059805	-0.064985	-0.067945	-0.071275	-0.074420	-0.077380	-0.080340	-0.083670	
100699	-0.057400	-0.059805	-0.064985	-0.067945	-0.071275	-0.074420	-0.077380	-0.080525	-0.083670	
100709	-0.057400	-0.059805	-0.064985	-0.067945	-0.071275	-0.074420	-0.077380	-0.080525	-0.083670	
100719	-0.057400	-0.059805	-0.064985	-0.067945	-0.071275	-0.074420	-0.077380	-0.080525	-0.083670	
100729	-0.057400	-0.059805	-0.064985	-0.067945	-0.071275	-0.074420	-0.077380	-0.080525	-0.083670	
100739	-0.057400	-0.059805	-0.064985	-0.067945	-0.071275	-0.074420	-0.077380	-0.080525	-0.083670	
100749	-0.057400	-0.059805	-0.064985	-0.067945	-0.071275	-0.074420	-0.077380	-0.080340	-0.083670	
100759	-0.057400	-0.059805	-0.064985	-0.067945	-0.071275	-0.074420	-0.077380	-0.080340	-0.083670	
100769	-0.057400	-0.059805	-0.064985	-0.067945	-0.071275	-0.074420	-0.077380	-0.080340	-0.083670	
100779	-0.057400	-0.059805	-0.064985	-0.067945	-0.071275	-0.074420	-0.077380	-0.080525	-0.083670	
100789	-0.057400	-0.059805	-0.064985	-0.067945	-0.071275	-0.074420	-0.077380	-0.080525	-0.083670	
100799	-0.057400	-0.059805	-0.064985	-0.067945	-0.071275	-0.074420	-0.077380	-0.080525	-0.083670	
100809	-0.057400	-0.059805	-0.064985	-0.067945	-0.071275	-0.074420	-0.077380	-0.080525	-0.083670	
100819	-0.057400	-0.059805	-0.064985	-0.067945	-0.071275	-0.074420	-0.077380	-0.080525	-0.083670	
100829	-0.057400	-0.059805	-0.064985	-0.067945	-0.071275	-0.074420	-0.077380	-0.080525	-0.083670	
100839	-0.057400	-0.059805	-0.064985	-0.067945	-0.071275	-0.074420	-0.077380	-0.080525	-0.083670	
100849	-0.057400	-0.059805	-0.064985	-0.067945	-0.071275	-0.074420	-0.077380	-0.080525	-0.083670	
100859	-0.057400	-0.059805	-0.064985	-0.067945	-0.071275	-0.074420	-0.077380	-0.080525	-0.083670	
100869	-0.057400	-0.059805	-0.064985	-0.067945	-0.071275	-0.074420	-0.077380	-0.080525	-0.083670	
100879	-0.058880	-0.059805	-0.064985	-0.067945	-0.071275	-0.074420	-0.077380	-0.080525	-0.083670	
100889	-0.058880	-0.059805	-0.064985	-0.067945	-0.071275	-0.074420	-0.077380	-0.080525	-0.083670	
100899	-0.057400	-0.059805	-0.064985	-0.067945	-0.071275	-0.074420	-0.077380	-0.080525	-0.083670	
100909	-0.058880	-0.059805	-0.064985	-0.067945	-0.071275	-0.074420	-0.077380	-0.080525	-0.083670	
100919	-0.058880	-0.059805	-0.064985	-0.067945	-0.071275	-0.074420	-0.077380	-0.080525	-0.083670	
100929	-0.058880	-0.059805	-0.064985	-0.067945	-0.071275	-0.074420	-0.077380	-0.080525	-0.083670	
100939	-0.058880	-0.059805	-0.064985	-0.067945	-0.071275	-0.074420	-0.077380	-0.080525	-0.083670	
100949	-0.058880	-0.059805	-0.064985	-0.067945	-0.071275	-0.074420	-0.077380	-0.080525	-0.083670	
100959	-0.058880	-0.059805	-0.064985	-0.067945	-0.071275	-0.074420	-0.077380	-0.080525	-0.083670	
100969	-0.058880	-0.059805	-0.064985	-0.067945	-0.071275	-0.074420	-0.077380	-0.080525	-0.083670	
100979	-0.058880	-0.059805	-0.064985	-0.067945	-0.071275	-0.074420	-0.077380	-0.080525	-0.083670	
100989	-0.058880	-0.059805	-0.064985	-0.067945	-0.071275	-0.074420	-0.077380	-0.080525	-0.083670	
100999	-0.058880	-0.059805	-0.064985	-0.067945	-0.071275	-0.074420	-0.077380	-0.080525	-0.083670	
101009	-0.058880	-0.059805	-0.064985	-0.067945	-0.071275	-0.074420	-0.077380	-0.080525	-0.083670	
101019	-0.058880	-0.059805	-0.064985	-0.067945	-0.071275	-0.074420	-0.077380	-0.080525	-0.083670	
101029	-0.058880	-0.059805	-0.064985	-0.067945	-0.071275	-0.074420	-0.077380	-0.080525	-0.083670	
101039	-0.058880	-0.059805	-0.064985	-0.067945	-0.071275	-0.074420	-0.077380	-0.080525	-0.083670	
101049	-0.057400	-0.059805	-0.064985	-0.067945	-0.071275	-0.074420	-0.077380	-0.080525	-0.083670	
101059	-0.058880	-0.059805	-0.064985	-0.067945	-0.071275	-0.074420	-0.077380	-0.080525	-0.083670	
101069	-0.058880	-0.059805	-0.064985	-0.067945	-0.071275	-0.074420	-0.077380	-0.080525	-0.083670	
101079	-0.058510	-0.059805	-0.064985	-0.067945	-0.071275	-0.074420	-0.077380	-0.080525	-0.083670	
101089	-0.057400	-0.059805	-0.064985	-0.067945	-0.071275	-0.074420	-0.077380	-0.080525	-0.083670	
101099	-0.057400	-0.059805	-0.064985	-0.067945	-0.071275	-0.074420	-0.077380	-0.080525	-0.083670	
101109	-0.057400	-0.059805	-0.064985	-0.067945	-0.071275	-0.074420	-0.077380	-0.080525	-0.083670	
101119	-0.058880	-0.059805	-0.064985	-0.067945	-0.071275	-0.074420	-0.077380	-0.080525	-0.083670	
101129	-0.058880	-0.059805	-0.064985	-0.067945	-0.071275	-0.074420	-0.077380	-0.080525	-0.083670	
101139	-0.058880	-0.059805	-0.064985	-0.067945	-0.071275	-0.074420	-0.077380	-0.080525	-0.083670	
101149	-0.058880	-0.059805	-0.064985	-0.067945	-0.071275	-0.074420	-0.077380	-0.080525	-0.083670	
101159	-0.058880	-0.059805	-0.064985	-0.067945	-0.071275	-0.074420	-0.077380	-0.080525	-0.083670	
101169	-0.058880	-0.059805	-0.064985	-0.067945	-0.071275	-0.074420	-0.077380	-0.080525	-0.083670	
101179	-0.058880	-0.059805	-0.064985	-0.067945	-0.071275	-0.074420	-0.077380	-0.080525	-0.083670	
101189	-0.058880	-0.059805	-0.064800	-0.067945	-0.071275	-0.074420	-0.077380	-0.080525	-0.083670	
101199	-0.058880	-0.059805	-0.064800	-0.067945	-0.071275	-0.074420	-0.077380	-0.080525	-0.083670	
101209	-0.058880	-0.059805	-0.064800	-0.067945	-0.071275	-0.074420	-0.077380	-0.080525	-0.083670	
101219	-0.058880	-0.059805	-0.064800	-0.067945	-0.071275	-0.074420	-0.077380	-0.080525	-0.083670	
101229	-0.057400	-0.059805	-0.064800	-0.067945	-0.071275	-0.074420	-0.077380	-0.080525	-0.083670	
101239	-0.058880	-0.059805	-0.064800	-0.067945	-0.071275	-0.074420	-0.077380	-0.080525	-0.083670	
101249	-0.058880	-0.059805	-0.064800	-0.067945	-0.071275	-0.074420	-0.077380	-0.080525	-0.083670	
101259	-0.058880	-0.059805	-0.064800	-0.067945	-0.071275	-0.074420	-0.077380	-0.080340	-0.083670	
101269	-0.058880	-0.059805	-0.064800	-0.067945	-0.071275	-0.074420	-0.077380	-0.080340	-0.083670	
101279	-0.057400	-0.059805	-0.064800	-0.067945	-0.071275	-0.074420	-0.077380	-0.080525	-0.083670	
101289	-0.058880	-0.059805	-0.064800	-0.067945	-0.071275	-0.074420	-0.077380	-0.080525	-0.083670	
101299	-0.058880	-0.059805	-0.064800	-0.067945	-0.071275	-0.074420	-0.077380	-0.080525	-0.083670	
101309	-0.058880	-0.059805	-0.064800	-0.067945	-0.071275	-0.074420	-0.077380	-0.080525	-0.083670	
101319	-0.058880	-0.059805	-0.064800	-0.067945	-0.071275	-0.074420	-0.077380	-0.080525	-0.083670	
101329	-0.058880	-0.059805	-0.064800	-0.067945	-0.071275	-0.074420	-0.077380	-0.080525	-0.083670	
101339	-0.058880	-0.059805	-0.064800	-0.067945	-0.071275	-0.074420	-0.077380	-0.080525	-0.083670	
101349	-0.058880	-0.059805	-0.064800	-0.067945	-0.071275	-0.074420	-0.077380	-0.080525	-0.083670	
101359	-0.058880	-0.059805	-0.064800	-0.067945	-0.071275	-0.074420	-0.077380	-0.080525	-0.083670	
101369	-0.058880	-0.059805	-0.064800	-0.067945	-0.071275	-0.074420	-0.077380	-0.080525	-0.083670	
101379	-0.058880	-0.059805	-0.064800	-0.067945	-0.071275	-0.074420	-0.077380	-0.080525	-0.083670	
101389	-0.058880	-0.059805	-0.064800	-0.067945	-0.071275	-0.074420	-0.077380	-0.080525	-0.083670	
101399	-0.058880	-0.059805	-0.064800	-0.067945	-0.071275	-0.074420	-0.077380	-0.080525	-0.083670	
101409	-0.058880	-0.059805	-0.064800	-0.067945	-0.071275	-0.074420	-0.077380	-0.080525	-0.083670	
101419	-0.058880	-0.059805	-0.064800	-0.067945	-0.071275	-0.074420	-0.077380	-0.080525	-0.083670	
101429	-0.058880	-0.059805	-0.064800	-0.067945	-0.071275	-0.074420	-0.077380	-0.080525	-0.083670	
101439	-0.058880	-0.059805	-0.064800	-0.067945	-0.071275	-0.074420	-0.077380	-0.080340	-0.083670	
101449	-0.058880	-0.059805	-0.064800	-0.067945	-0.071275	-0.074420	-0.077380	-0.080525	-0.083670	
101459	-0.058880	-0.059805	-0.064800	-0.067945	-0.071275	-0.074420	-0.077380	-0.080525	-0.083670	
101469	-0.058880	-0.059805	-0.064800	-0.067945	-0.071275	-0.074420	-0.077380	-0.080525	-0.083670	
101479	-0.058880	-0.059805	-0.064800	-0.067945	-0.071275	-0.074420	-0.077380	-0.080525	-0.083670	
101489	-0.058880	-0.059805	-0.064800	-0.067945	-0.071275	-0.074420	-0.077380	-0.080340	-0.083670	
101499	-0.058880	-0.059805	-0.064800	-0.067945	-0.071275	-0.074420	-0.077380	-0.080340	-0.083670	
101509	-0.058880	-0.059805	-0.064800	-0.067945	-0.071275	-0.074420	-0.077380	-0.080340	-0.083670	
101519	-0.058880	-0.059805	-0.064800	-0.067945	-0.071275	-0.074420	-0.077380	-0.080525	-0.083670	
101529	-0.058880	-0.059805	-0.064800	-0.067945	-0.071275	-0.074420	-0.077380	-0.080525	-0.083670	
101539	-0.058880	-0.059805	-0.064800	-0.067945	-0.071275	-0.074420	-0.077380	-0.080525	-0.083670	
101549	-0.058880	-0.059805	-0.064800	-0.067945	-0.071275	-0.074420	-0.077380	-0.080525	-0.083670	
101559	-0.058880	-0.059805	-0.064800	-0.067945	-0.071275	-0.074420	-0.077380	-0.080525	-0.083670	
101569	-0.058880	-0.059805	-0.064800	-0.067945	-0.071275	-0.074420	-0.077380	-0.080525	-0.083670	
101579	-0.058880	-0.059805	-0.064800	-0.067945	-0.071275	-0.074420	-0.077380	-0.080525	-0.083670	
101589	-0.058880	-0.059805	-0.064800	-0.067945	-0.071275	-0.074420	-0.077380	-0.080525	-0.083670	
101599	-0.058880	-0.059805	-0.064800	-0.067945	-0.071275	-0.074420	-0.077380	-0.080525	-0.083670	
101609	-0.058880	-0.059805	-0.064800	-0.067945	-0.071275	-0.074420	-0.077380	-0.080525	-0.083670	
101619	-0.058880	-0.059805	-0.064800	-0.067945	-0.071275	-0.074420	-0.077380	-0.080525	-0.083670	
101629	-0.058880	-0.059805	-0.064800	-0.067945	-0.071275	-0.074420	-0.077380	-0.080525	-0.083670	
101639	-0.058880	-0.059805	-0.064800	-0.067945	-0.071275	-0.074420	-0.077380	-0.080525	-0.083670	
101649	-0.058880	-0.059805	-0.064800	-0.067945	-0.071275	-0.074235	-0.077380	-0.080340	-0.083670	
101659	-0.058880	-0.059805	-0.064800	-0.067945	-0.071275	-0.074235	-0.077380	-0.080525	-0.083670	
101669	-0.058880	-0.059805	-0.064800	-0.067945	-0.071275	-0.074235	-0.077380	-0.080525	-0.083670	
101679	-0.058880	-0.059805	-0.064800	-0.067945	-0.071275	-0.074235	-0.077380	-0.080525	-0.083670	
101689	-0.058880	-0.059805	-0.064800	-0.067945	-0.071275	-0.074235	-0.077380	-0.080525	-0.083670	
101699	-0.058880	-0.059805	-0.064800	-0.067945	-0.071275	-0.074235	-0.077380	-0.080525	-0.083670	
101709	-0.058880	-0.059805	-0.064800	-0.067945	-0.071275	-0.074235	-0.077380	-0.080525	-0.083670	
101719	-0.058880	-0.059805	-0.064800	-0.067945	-0.071275	-0.074235	-0.077380	-0.080525	-0.083670	
101729	-0.058880	-0.059805	-0.064800	-0.067945	-0.071275	-0.074235	-0.077380	-0.080525	-0.083670	
101739	-0.058880	-0.059805	-0.064800	-0.067945	-0.071275	-0.074235	-0.077380	-0.080525	-0.083670	
101749	-0.058880	-0.059805	-0.064800	-0.067945	-0.071275	-0.074235	-0.077380	-0.080525	-0.083670	
101759	-0.058880	-0.059805	-0.064800	-0.067945	-0.071275	-0.074235	-0.077380	-0.080525	-0.083670	
101769	-0.058880	-0.059805	-0.064800	-0.067945	-0.071275	-0.074235	-0.077380	-0.080525	-0.083670	
101779	-0.058880	-0.059805	-0.064800	-0.067945	-0.071275	-0.074235	-0.077380	-0.080525	-0.083670	
101789	-0.058880	-0.059805	-0.064800	-0.067945	-0.071275	-0.074235	-0.077380	-0.080525	-0.083670	
101799	-0.058880	-0.059805	-0.064800	-0.067945	-0.071275	-0.074235	-0.077380	-0.080525	-0.083670	
101809	-0.058880	-0.059805	-0.064800	-0.067945	-0.071275	-0.074235	-0.077380	-0.080525	-0.083670	
101819	-0.058880	-0.059805	-0.064800	-0.067945	-0.071275	-0.074235	-0.077380	-0.080525	-0.083670	
101829	-0.058880	-0.059805	-0.064800	-0.067945	-0.071275	-0.074235	-0.077380	-0.080525	-0.083670	
101839	-0.058880	-0.059805	-0.064800	-0.067945	-0.071275	-0.074235	-0.077380	-0.080525	-0.083670	
101849	-0.058880	-0.059805	-0.064800	-0.067945	-0.071275	-0.074235	-0.077380	-0.080525	-0.083670	
101859	-0.058880	-0.059805	-0.064800	-0.067945	-0.071275	-0.074235	-0.077380	-0.080525	-0.083670	
101869	-0.058880	-0.059805	-0.064800	-0.067945	-0.071275	-0.074235	-0.077380	-0.080525	-0.083670	
101879	-0.058880	-0.059805	-0.064800	-0.067945	-0.071275	-0.074420	-0.077380	-0.080525	-0.083670	
101889	-0.058880	-0.059805	-0.064800	-0.067945	-0.071275	-0.074235	-0.077380	-0.080525	-0.083670	
101899	-0.058880	-0.059805	-0.064800	-0.067945	-0.071275	-0.074235	-0.077380	-0.080525	-0.083670	
101909	-0.058880	-0.059805	-0.064800	-0.067945	-0.071275	-0.074235	-0.077380	-0.080525	-0.083670	
101919	-0.058880	-0.059805	-0.064800	-0.067945	-0.071275	-0.074235	-0.077380	-0.080525	-0.083670	
101929	-0.058880	-0.059805	-0.064800	-0.067945	-0.071275	-0.074235	-0.077380	-0.080525	-0.083670	
101939	-0.058880	-0.059805	-0.064800	-0.067945	-0.071275	-0.074235	-0.077380	-0.080525	-0.083670	
101949	-0.058880	-0.059805	-0.064800	-0.067945	-0.071275	-0.074235	-0.077380	-0.080525	-0.083670	
101959	-0.058880	-0.059805	-0.064800	-0.067945	-0.071275	-0.074235	-0.077380	-0.080525	-0.083670	
101969	-0.058880	-0.059805	-0.064800	-0.067945	-0.071275	-0.074235	-0.077380	-0.080525	-0.083670	
101979	-0.058880	-0.059805	-0.064800	-0.067945	-0.071275	-0.074235	-0.077380	-0.080525	-0.083670	
101989	-0.058880	-0.059805	-0.064800	-0.067945	-0.071275	-0.074235	-0.077380	-0.080525	-0.083670	
101999	-0.058880	-0.059805	-0.064800	-0.067945	-0.071275	-0.074235	-0.077380	-0.080525	-0.083670	
102009	-0.058880	-0.059805	-0.064800	-0.067945	-0.071275	-0.074235	-0.077380	-0.080525	-0.083670	
102019	-0.058880	-0.059805	-0.064800	-0.067945	-0.071275	-0.074235	-0.077380	-0.080525	-0.083670	
102029	-0.058880	-0.059805	-0.064800	-0.067945	-0.071275	-0.074235	-0.077380	-0.080525	-0.083670	
102039	-0.058880	-0.059805	-0.064800	-0.067945	-0.071275	-0.074235	-0.077380	-0.080525	-0.083670	
102049	-0.058880	-0.059805	-0.064800	-0.067945	-0.071275	-0.074235	-0.077380	-0.080525	-0.083670	
102059	-0.058880	-0.059805	-0.064800	-0.067945	-0.071275	-0.074235	-0.077380	-0.080525	-0.083670	
102069	-0.058880	-0.059805	-0.064800	-0.067945	-0.071275	-0.074235	-0.077380	-0.080525	-0.083670	
102079	-0.058880	-0.059805	-0.064800	-0.067945	-0.071275	-0.074235	-0.077380	-0.080525	-0.083670	
102089	-0.058880	-0.059805	-0.064800	-0.067945	-0.071275	-0.074235	-0.077380	-0.080525	-0.083670	
102099	-0.058880	-0.059805	-0.064800	-0.067945	-0.071275	-0.074235	-0.077380	-0.080525	-0.083670	
102109	-0.058880	-0.059805	-0.064800	-0.067945	-0.071275	-0.074235	-0.077380	-0.080525	-0.083670	
102119	-0.058880	-0.059805	-0.064800	-0.067945	-0.071275	-0.074235	-0.077380	-0.080525	-0.083670	
102129	-0.058880	-0.059805	-0.064800	-0.067945	-0.071275	-0.074235	-0.077380	-0.080525	-0.083670	
102139	-0.058880	-0.059805	-0.064800	-0.067945	-0.071275	-0.074235	-0.077380	-0.080525	-0.083670	
102149	-0.058880	-0.059805	-0.064800	-0.067945	-0.071275	-0.074235	-0.077380	-0.080525	-0.083670	
102159	-0.058880	-0.059805	-0.064800	-0.067945	-0.071275	-0.074235	-0.077380	-0.080525	-0.083670	
102169	-0.058880	-0.059805	-0.064800	-0.067945	-0.071275	-0.074235	-0.077380	-0.080525	-0.083670	
102179	-0.058880	-0.059805	-0.064800	-0.067945	-0.071275	-0.074235	-0.077380	-0.080525	-0.083670	
102189	-0.058880	-0.059805	-0.064800	-0.067945	-0.071275	-0.074235	-0.077380	-0.080525	-0.083670	
